0.110000000
0.340000000
0.570000000
0.770000000
1.000000000
1.220000000
1.450000000
1.680000000
1.890000000
2.110000000
2.350000000
2.570000000
2.810000000
3.040000000
3.280000000
3.500000000
3.740000000
3.950000000
4.200000000
4.410000000
4.640000000
4.860000000
5.080000000
5.310000000
5.520000000
5.740000000
5.980000000
6.200000000
6.420000000
6.660000000
6.880000000
7.090000000
7.330000000
7.550000000
7.770000000
8.010000000
8.250000000
8.470000000
8.700000000
8.915918367
9.150000000
9.380000000
9.600000000
9.840000000
10.070000000
10.310000000
10.530000000
10.770000000