0.080000000
0.330000000
0.570000000
0.800000000
1.020000000
1.230000000
1.470000000
1.673469388
1.910000000
2.128979592
2.360000000
2.570000000
2.770000000
3.020000000
3.270000000
3.490000000
3.730000000
3.950000000
4.200000000
4.420000000
4.612244898
4.860000000
5.110000000
5.320000000
5.540000000
5.763265306
6.014693878
6.230000000
6.480000000
6.690000000
6.920000000
7.150000000
7.380000000
7.600000000
7.790000000
8.060000000
8.290000000
8.510000000
8.730000000
8.960000000
9.177142857
9.400816327
9.640000000
9.850000000
10.090000000
10.340000000
10.560000000
10.820000000