0.110000000
0.330000000
0.570000000
0.790000000
1.030000000
1.240000000
1.490000000
1.720000000
1.940000000
2.180000000
2.400000000
2.610000000
2.850000000
3.080000000
3.290000000
3.510000000
3.750000000
3.970000000
4.190000000
4.400000000
4.640000000
4.830000000
5.070000000
5.310000000
5.540000000
5.770000000
5.983673469
6.220000000
6.450000000
6.693151927
6.909387755
7.120000000
7.380000000
7.600000000
7.800000000
8.070000000
8.290000000
8.500000000
8.740000000
8.950000000
9.170000000
9.390000000
9.620000000
9.846530612
10.096326531
10.310000000
10.540000000
10.760000000