0.130000000
0.350000000
0.590000000
0.800000000
1.020000000
1.250000000
1.460000000
1.690000000
1.910000000
2.130000000
2.360000000
2.580000000
2.800000000
3.010000000
3.260000000
3.480000000
3.710000000
3.930000000
4.140000000
4.360000000
4.600000000
4.845714286
5.080000000
5.310000000
5.520000000
5.740000000
5.990000000
6.220000000
6.410000000
6.660000000
6.870000000
7.130000000
7.340000000
7.560000000
7.800000000
8.020000000
8.260000000
8.480000000
8.692970522
8.920000000
9.150000000
9.370000000
9.601451247
9.830000000
10.080000000
10.290000000
10.530000000
10.740000000